[[ 7.14246147e+02  1.68577243e+00  3.23698096e+02]
 [ 9.41071891e-14  7.15105375e+02  2.38209549e+02]
 [ 3.20473635e-12 -1.29789396e-12  1.00000000e+00]]

[1.00000018e+00 1.12895798e-06 1.49097852e-06]

[[912.24834132   2.15309962 238.20954942]
 [  0.         913.34576328 323.69809567]
 [  0.           0.           1.        ]]



 [[704.01969403   2.34041095 321.30114601]
  [  0.         705.04414157 235.59616709]
  [  0.           0.           1.        ]]
 [[ 7.14246147e+02  1.68577243e+00  3.23698096e+02]
  [ 1.65378078e-13  7.15105375e+02  2.38209549e+02]
  [ 3.19285536e-12 -1.29009448e-12  1.00000000e+00]]

[[710.15132311   2.07891301 327.54806078]
 [  0.         712.62402142 227.24010045]
 [  0.           0.           1.        ]]
[[912.24834132   2.15309962 238.20954942]
 [  0.         913.34576328 323.69809567]
 [  0.           0.           1.        ]]
